 FILE   DATE  TIME    ZA    RELAZ    SOLDEP  INT   ISC  RMIN  RMED  RMAX
T01F15  61977   40   13.28   60.14   22.93   8.2   7.2   2.0   1.3   1.2
T01F14  61977   27   17.95   55.69   23.29   8.7   7.7   2.1   1.4   1.3
T01F13  61977   14   18.91   64.66   23.52   8.9   7.8   2.2   1.4   1.3
T01F44  72277   46   29.68  124.23   26.00   8.4   7.3   2.0   1.3   1.2
T02F20  81277 2349   25.36   38.64   32.27   6.2   5.4   2.0   1.2   1.0
T02F19  81277 2338   24.55   42.70   32.08   6.2   5.4   2.0   1.2   1.0
T02F18  81277 2318   24.76   50.96   31.46   6.6   5.8   2.1   1.3   1.1
T02F17  81277 2317   22.88   51.35   31.42   7.2   6.3   2.3   1.4   1.2
T02F16  81277 2236   25.90   68.51   29.04   5.8   5.1   1.6   1.0   0.9
T02F15  81277 2227   25.16   72.98   28.34   5.6   4.9   1.5   1.0   0.9
T02F14  81277 2219   24.36   77.41   27.67   6.6   5.8   1.8   1.1   1.0
T02F13  81277 2210   23.80   82.47   26.86   7.5   6.6   2.0   1.3   1.1
T02F12  81277 2201   23.36   87.76   25.99   7.5   6.6   1.9   1.2   1.1
T02F11  81277 2152   23.06   93.29   25.07   6.8   6.0   1.7   1.1   1.0
T02F10  81277 2144   22.75   98.70   24.21   7.0   6.1   1.7   1.1   1.0
T02F09  81277 2135   22.75  104.50   23.19   8.2   7.2   1.9   1.3   1.1
T02F08  81277 2127   22.76  110.14   22.25   5.5   4.8   1.2   0.8   0.7
T02F07  81277 2119   22.94  115.80   21.27   5.4   4.7   1.1   0.8   0.7
T02F06  81277 2111   23.28  121.38   20.26   5.4   4.7   1.1   0.7   0.7
T02F05  81277 2103   23.80  126.84   19.22   5.5   4.8   1.1   0.7   0.7
T01F88  81277  235   21.90  114.40   22.31   7.0   6.2   1.6   1.1   1.0
T01F86  81277  140   20.89   84.86   27.87   5.8   5.1   1.7   1.1   0.9
T01F85  81277  130   26.08 -107.43   28.66   3.6   3.2   1.0   0.6   0.6
T01F84  81277  122   26.25 -109.03   29.23   3.5   3.1   1.0   0.6   0.5
T01F83  81277  114   26.47 -110.65   29.76   6.0   5.2   1.7   1.1   0.9
T01F82  81277  107   26.90 -112.34   30.18   3.7   3.2   1.1   0.7   0.6
T01F81  81277   58   27.02 -113.87   30.66   5.1   4.5   1.5   0.9   0.8
T01F80  81277   46   26.65 -115.34   31.19   5.3   4.6   1.6   1.0   0.8
T01F79  81277   33   26.19 -116.99   31.62   4.4   3.8   1.3   0.8   0.7
T01F78  81277   20   25.84 -118.86   31.90   5.6   4.9   1.8   1.1   0.9
T01F77  81277    6   25.47 -121.00   32.04   4.4   3.8   1.4   0.8   0.7
T01F76  81177 2351   25.12 -123.49   31.98   3.9   3.4   1.2   0.8   0.6
T01F75  81177 2317   22.67 -130.02   31.11   5.7   5.0   1.8   1.1   1.0
T01F74  81177 2301   23.07 -133.81   30.35   4.7   4.1   1.5   0.9   0.8
T01F73  81177 2244   23.73 -137.79   29.31   5.2   4.5   1.5   0.9   0.8
T01F72  81177 2227   24.77 -141.52   28.04   5.2   4.5   1.4   0.9   0.8
T01F71  81177 2210   26.16 -144.83   26.56   5.7   5.0   1.4   0.9   0.8
T01F70  81177 2151   27.90 -148.21   24.67   6.2   5.4   1.4   0.9   0.9
T01F69  81177 2133   29.94 -150.74   22.68   7.1   6.2   1.5   1.0   0.9
T02F38  91077  241   24.60   90.89   29.07   6.0   5.3   1.7   1.1   0.9
T02F37  91077  227   25.53  117.65   30.96   5.0   4.4   1.5   1.0   0.8
T02F36  91077  214   20.12   94.01   32.61   5.1   4.5   1.8   1.1   0.9
T02F35  91077  200   19.47  -34.06   34.29   5.4   4.7   2.1   1.2   1.0
T02F34  91077  148   19.68  -32.63   35.62   4.8   4.2   1.9   1.1   0.9
T02F33  91077  135   19.78  -30.47   36.94   5.3   4.7   2.3   1.3   1.1
T02F32  91077  123   19.78  -28.80   38.04   4.2   3.7   1.9   1.1   0.9
T02F31  91077  110   19.65  -26.38   39.11   5.3   4.7   2.6   1.5   1.2
T02F30  91077   57   19.43  -23.83   40.02   3.6   3.2   1.8   1.0   0.8
T02F29  91077   43   19.06  -20.46   40.82   4.7   4.1   2.4   1.4   1.1
T03F68 102077  317   26.62 -148.72   33.25   3.1   2.7   1.0   0.6   0.5
T03F67 102077  301   23.75 -146.71   35.99   3.2   2.8   1.2   0.7   0.6
T03F65 102077  229   24.45 -138.88   41.27   2.9   2.5   1.4   0.8   0.6
T03F64 102077  213   13.51 -153.15   43.76   2.4   2.1   1.5   0.8   0.6
T03F63 102077  158   12.75 -170.78   45.99   2.3   2.0   1.5   0.8   0.6
T03F62 102077  142   20.32 -149.22   48.23   2.3   1.9   1.5   0.8   0.6
T03F61 102077  126   15.86 -136.10   50.30   2.1   1.8   1.6   0.9   0.6
T03F60 102077  109    5.68 -133.70   52.27   1.9   1.6   1.8   0.9   0.7
T03F59 102077   53    9.39  167.94   53.89   1.8   1.5   1.7   0.9   0.6
T03F58 102077   38    9.23  170.14   55.16   1.9   1.6   1.9   1.0   0.7
T03F57 102077   22    1.30    0.00   56.21   1.7   1.5   2.1   1.1   0.8
T03F56 102077    6    8.31   81.98   56.94   1.5   1.3   1.7   0.9   0.6
T03F55 101977 2350   14.86  118.38   57.30   1.5   1.3   1.5   0.8   0.6
T03F54 101977 2334   12.00  138.60   57.30   1.9   1.6   2.0   1.0   0.7
T03F53 101977 2319   10.35  101.00   56.95   2.0   1.7   2.1   1.1   0.8
T03F52 101777  341   18.94 -122.40   28.38   4.8   4.2   1.4   0.9   0.8
T03F51 101777  328   19.21 -115.94   30.66   4.6   4.0   1.5   0.9   0.8
T03F50 101777  315   19.63 -109.81   32.92   4.1   3.6   1.5   0.9   0.7
T03F49 101777  303   20.25 -104.56   34.96   3.8   3.4   1.5   0.9   0.7
T03F48 101777  250   20.83  -99.31   37.13   3.7   3.3   1.6   0.9   0.8
T03F47 101777  237   21.47  -94.30   39.25   3.2   2.8   1.5   0.9   0.7
T03F46 101777  224   22.14  -89.59   41.31   2.6   2.3   1.3   0.8   0.6
T03F45 101777  207   12.94 -177.34   43.88   2.1   1.8   1.3   0.7   0.5
T03F44 101777  151   12.29  169.64   46.17   2.1   1.8   1.4   0.8   0.6
T03F43 101777  135    3.77 -131.97   48.30   2.1   1.8   1.7   0.9   0.7
T03F42 101777  119   11.79 -123.35   50.25   1.9   1.6   1.5   0.8   0.6
T03F41 101777  103   10.46 -147.62   51.98   1.8   1.5   1.5   0.8   0.6
T03F40 101777   40    8.20  121.57   54.01   1.6   1.4   1.6   0.8   0.6
T03F39 101777   24    9.48  107.66   55.07   1.7   1.4   1.7   0.9   0.6
T03F38 101777    8   11.03   95.23   55.81   1.7   1.4   1.6   0.9   0.6
T03F37 101677 2352   13.54   92.46   56.20   1.8   1.5   1.7   0.9   0.6
T03F36 101677 2333   16.48  112.71   56.19   2.4   2.0   2.2   1.2   0.8
T03F35 101677 2317   18.85  111.80   55.79   1.5   1.3   1.4   0.7   0.5
T03F34 101677 2301   21.00  109.64   55.04   1.7   1.4   1.4   0.7   0.5
T03F33 101677 2245   23.62  111.08   53.97   1.9   1.6   1.5   0.8   0.6
T03F32 101677 2229   25.84  125.48   52.60   1.9   1.6   1.3   0.7   0.5
T03F31 101677 2212   28.54  126.53   50.86   2.1   1.8   1.4   0.7   0.6
T03F23 101477  305   27.19 -103.74   33.93   4.8   4.2   1.6   1.0   0.8
T03F22 101477  250   27.59  -98.97   36.41   3.7   3.2   1.4   0.8   0.7
T03F21 101477  235   27.75  -94.94   38.83   3.9   3.4   1.6   0.9   0.8
T03F20 101477  216   14.81  177.26   41.76   2.9   2.5   1.6   0.9   0.7
T03F19 101477  201   11.99  174.00   43.95   2.5   2.2   1.6   0.9   0.7
T03F18 101477  145    8.44  170.17   46.15   2.3   2.0   1.6   0.9   0.7
T03F17 101477  129    6.19  155.08   48.17   2.0   1.7   1.6   0.9   0.6
T03F16 101477  113    5.15  127.81   50.00   1.9   1.6   1.6   0.9   0.6
T03F15 101477   56    6.06   98.86   51.69   2.0   1.7   1.8   1.0   0.7
T03F14 101477   40    8.11   84.20   53.01   2.0   1.7   1.9   1.0   0.7
T03F13 101477   24   10.43   73.13   54.03   2.0   1.7   1.9   1.0   0.7
T03F12 101477    8   13.23   72.98   54.74   2.0   1.7   1.9   1.0   0.7
T03F11 101377 2341   14.19  131.28   55.15   1.9   1.6   1.8   0.9   0.7
T03F10 101377 2324   16.09  126.44   54.89   2.0   1.7   1.8   1.0   0.7
T03F09 101377 2308   17.69  121.13   54.29   2.0   1.7   1.7   0.9   0.6
T03F08 101377 2252   20.10  120.33   53.36   2.0   1.7   1.6   0.9   0.6
T03F07 101377 2236   22.62  120.55   52.14   2.3   1.9   1.7   0.9   0.6
T03F06 101377 2219   25.38  121.57   50.53   2.1   1.8   1.4   0.8   0.6
T03F05 101377 2203   27.98  122.69   48.77   2.7   2.3   1.6   0.9   0.7
T02F78 101377  322   24.15 -169.43   30.80   4.9   4.2   1.5   0.9   0.8
T02F77 101377  306   22.34 -168.52   33.52   3.9   3.4   1.4   0.8   0.7
T02F76 101377  251   21.80 -165.96   36.01   3.6   3.1   1.4   0.8   0.7
T02F75 101377  235   19.07 -174.16   38.58   3.3   2.8   1.5   0.9   0.7
T02F74 101377  219   15.83 -174.45   41.05   3.3   2.8   1.7   1.0   0.7
T02F73 101377  201   12.38 -176.63   43.68   2.5   2.2   1.6   0.9   0.6
T02F72 101377  145    9.41  179.01   45.86   2.5   2.1   1.7   0.9   0.7
T02F71 101377  130    6.87  169.93   47.75   2.5   2.1   1.9   1.0   0.7
T02F70 101377  114    3.59   85.66   49.58   2.6   2.3   2.4   1.3   0.9
T02F69 101377   58    5.26   79.34   51.18   2.3   2.0   2.1   1.2   0.8
T02F68 101377   42    7.02   78.85   52.52   2.3   2.0   2.2   1.2   0.8
T02F67 101377   26    7.75   83.31   53.57   2.3   2.0   2.2   1.2   0.8
T02F66 101377   10   12.40   92.04   54.30   2.1   1.8   2.0   1.1   0.7
T02F65 101277 2354   14.95   90.25   54.70   2.2   1.9   2.0   1.1   0.8
T02F64 101277 2326   19.81   94.05   54.56   2.3   2.0   2.0   1.1   0.8
T02F63 101277 2310   22.49   96.11   54.01   2.0   1.7   1.6   0.9   0.6
T02F62 101277 2253   25.35   98.95   53.06   1.8   1.5   1.3   0.7   0.5
T02F61 101277 2237   25.35  117.36   51.85   1.9   1.6   1.3   0.7   0.5
T02F60 101277 2221   28.67  122.55   50.37   2.1   1.8   1.3   0.7   0.5
T02F57 101077   47    9.32  137.63   51.12   3.0   2.5   2.5   1.4   1.0
T02F56 101077   15   13.34  121.80   53.03   1.7   1.5   1.6   0.8   0.6
T02F55 100977 2359   16.26  107.02   53.51   1.7   1.4   1.4   0.8   0.5
T02F54 100977 2343   17.97  109.83   53.64   1.6   1.4   1.4   0.7   0.5
T02F53 100977 2327   19.72  113.18   53.44   1.8   1.5   1.5   0.8   0.5
T02F52 100977 2312   21.32  116.69   52.95   2.2   1.9   1.8   0.9   0.7
T02F51 100977 2256   23.12  120.43   52.11   2.2   1.9   1.6   0.9   0.6
T02F50 100977 2240   24.93  124.16   50.97   1.6   1.4   1.1   0.6   0.4
T02F49 100777   59    2.36   59.11   49.12   3.0   2.6   2.6   1.4   1.0
T02F48 100777   42    5.60   74.71   50.46   2.4   2.1   2.2   1.2   0.8
T02F47 100777   25    9.28   88.54   51.49   2.4   2.1   2.1   1.2   0.8
T02F46 100777    8   12.70   93.43   52.17   2.4   2.1   2.1   1.1   0.8
T02F45 100677 2348   16.81   87.81   52.50   2.5   2.2   2.1   1.1   0.8
T02F44 100677 2321   20.66   95.71   52.12   2.8   2.4   2.2   1.2   0.8
T02F43 100677 2303   22.86  101.26   51.35   2.2   1.9   1.6   0.9   0.6
T02F42 100677 2245   25.05  106.61   50.20   2.7   2.3   1.8   1.0   0.7
T02F41 100677 2226   27.41  111.90   48.61   2.8   2.4   1.7   0.9   0.7
T03F79 110477 2351   20.37  142.44   62.60   1.6   1.3   1.7   0.9   0.6
T03F78 110477 2338   23.33  140.32   62.68   1.6   1.3   1.6   0.9   0.6
T04F09  81377  144   11.87 -133.08   27.80   7.0   6.2   2.2   1.4   1.2
T04F08  81377  128    3.50 -113.28   29.08   6.9   6.1   2.4   1.5   1.2
T04F07  81377  111    8.07  163.65   30.23   5.7   5.0   2.0   1.2   1.0
T04F06  81377   56    8.07  101.81   31.04   5.6   5.0   2.1   1.3   1.0
T04F05  81377   41    5.06  130.92   31.66   6.5   5.8   2.5   1.5   1.3
T04F04  81377   24    9.42  105.46   32.13   7.0   6.2   2.7   1.6   1.3
T04F41 101377 2116   19.37  102.07   42.51   3.9   3.4   2.1   1.2   0.9
T04F40 101377 2103   22.74  113.76   40.55   4.1   3.6   2.0   1.1   0.9
T04F39 101377 2050   22.71  122.46   38.52   4.2   3.7   1.9   1.1   0.9
T04F38 101377 2037   23.08  131.22   36.42   3.7   3.2   1.5   0.9   0.7
T04F36 101377 2010   25.36  132.97   31.89   5.4   4.7   1.7   1.0   0.9
T04F35 101377 1957   29.11  130.61   29.64   5.8   5.0   1.6   1.0   0.9
T04F34 101277 2131   14.85  107.20   44.32   3.6   3.2   2.3   1.3   0.9
T04F33 101277 2117   19.52   88.75   42.32   3.6   3.2   2.0   1.1   0.9
T04F32 101277 2104   20.23  100.47   40.37   3.3   2.9   1.7   0.9   0.7
T04F31 101277 2050   21.66  111.58   38.19   4.3   3.8   1.9   1.1   0.9
T04F30 101277 2037   17.56  121.12   36.10   4.7   4.1   2.0   1.2   0.9
T04F28 101277 2010   26.35  128.05   31.26   4.8   4.2   1.5   0.9   0.8
T29F22 121881   12    0.06    0.00   70.06   2.5   2.2   5.3   2.8   2.0
T29F17 121781 2216   11.04  -15.24   61.90   2.3   2.0   3.0   1.6   1.1
T29F16 121781 2201   10.52   -9.42   59.62   4.0   3.6   5.0   2.7   1.8
T29F15 121781 2146    6.81    2.62   57.21   3.1   2.8   3.7   2.0   1.4
T29F14 121781 2123    3.60   37.04   53.35   2.7   2.4   2.8   1.5   1.1
T29F13 121781 2108    3.33   48.21   50.74   3.1   2.8   3.0   1.6   1.2
T28F51 112981 2008    0.84    0.00   40.30   5.7   4.9   3.5   2.0   1.5
T28F27 102881  308    0.70    0.00   36.59   5.3   4.8   2.7   1.6   1.2
T28F12 102781 2108    0.76    0.00   45.55   3.8   3.4   3.0   1.7   1.2
T28F07 102781 2005    0.77    0.00   34.95   5.5   5.0   2.8   1.7   1.3
T27F51 102781  335    0.78    0.00   31.61   5.7   4.9   2.2   1.4   1.1
T27F45 102681 2111    0.75    0.00   45.74   4.1   3.5   3.1   1.8   1.3
T27F37 100781  344   27.60 -157.28   25.64   6.4   5.7   1.6   1.0   0.9
T27F36 100781  326   24.31 -156.26   28.75   6.1   5.5   1.8   1.1   1.0
T27F18 100381  327    0.58    0.00   27.66   5.8   5.2   1.9   1.2   1.0
T27F13 100381  212    0.67    0.00   39.39   6.1   5.5   3.7   2.1   1.6
T27F08 100281 2115    0.81    0.00   38.53   5.2   4.7   3.1   1.8   1.4
T26F49  92881  255   12.24 -157.45   31.67   6.1   5.5   2.3   1.4   1.1
T26F48  92881  236    8.91 -156.48   34.57   5.4   4.9   2.3   1.4   1.1
T26F47  92881  217    6.18  168.71   37.31   5.0   4.5   2.5   1.5   1.1
T26F46  92881  156    4.46  135.72   40.10   4.5   4.1   2.7   1.5   1.2
T26F45  92881  137    5.18  100.07   42.38   4.7   4.2   3.0   1.7   1.3
T26F44  92881  118    7.47   82.21   44.39   4.2   3.8   2.9   1.6   1.2
T26F34  92781 2116   30.01  -99.74   36.85   5.7   5.1   2.1   1.3   1.1
T26F33  92781 2059   28.63 -103.38   34.38   5.6   5.0   1.9   1.2   1.0
T26F29  92781   53   10.61   83.74   46.20   3.5   3.1   2.5   1.4   1.0
T26F28  92781   34   14.19   85.24   47.41   3.5   3.1   2.5   1.4   1.0
T26F27  92781   14   19.66   81.63   48.25   3.2   2.9   2.3   1.2   0.9
T26F26  92681 2353   25.37   81.79   48.63   3.5   3.2   2.4   1.3   1.0
T26F07  90981  321    0.77    0.00   22.93   8.3   7.3   2.2   1.4   1.3
T25F40  82181  201    1.21    0.00   28.12   3.7   3.3   1.3   0.8   0.7
T25F28  81881 2117    1.50    0.00   22.50   7.5   6.5   2.2   1.5   1.3
T25F10  80681 2215   29.07 -129.73   32.39   8.7   7.8   2.7   1.7   1.5
T25F09  80681 2159   28.34 -133.45   30.75   9.4   8.4   2.8   1.7   1.5
T25F05  80181  204    0.96    0.00   23.02   9.4   8.2   2.4   1.6   1.4
T24F52  73181 2237    0.24    0.00   25.83   7.7   6.9   2.7   1.7   1.5
T23F41  30281 2125   18.88   -7.48   39.02   3.8   3.4   1.9   1.1   0.8
T23F39  30281 2048   22.51    0.44   33.08   4.7   4.2   1.7   1.0   0.8
T23F38  30281 2033   17.05    5.26   30.55   4.7   4.2   1.6   1.0   0.8
T23F37  30281 2017   12.84   12.58   27.79   4.7   4.2   1.5   0.9   0.8
T23F36  30281 1958    8.78   26.82   24.45   4.9   4.4   1.3   0.9   0.8
T23F25  22481 2231   28.18 -165.41   49.81   2.5   2.2   1.6   0.9   0.7
T23F17  22481 1950   22.91  -73.22   24.40   5.9   5.3   1.5   1.0   0.9
T23F16  20581  224   22.69   79.55   50.87   4.1   3.7   3.1   1.7   1.2
T23F15  20581  206   25.15   77.06   53.53   3.9   3.5   3.0   1.7   1.2
T23F14  20581  149   27.71   76.40   55.85   3.6   3.2   3.0   1.6   1.1
T23F13  20581  111   26.42  -35.24   60.10   3.7   3.3   3.7   1.9   1.3
T23F12  20581   55   27.23  -24.46   61.39   3.4   3.0   3.4   1.8   1.2
T23F11  20581   36   28.21  -11.59   62.45   3.2   2.8   3.2   1.7   1.2
T23F10  20581   17   27.41    1.93   62.94   3.4   2.9   3.4   1.8   1.2
T23F09  20581    0   26.81   14.61   62.87   3.5   3.0   3.6   1.9   1.3
T23F08  20481 2340   28.38   27.63   62.17   3.2   2.8   3.2   1.7   1.2
T22F41  20281 2019   15.11 -128.97   34.48   5.4   4.9   2.2   1.3   1.1
T22F40  20281 2002   16.92 -137.57   31.40   6.0   5.4   2.1   1.3   1.1
T22F36  13081 2203   26.34   94.73   52.82   3.7   3.3   2.7   1.5   1.1
T22F29  12981   41   28.44  -11.78   64.14   3.6   3.1   3.7   1.9   1.4
T22F28  12981    4   28.50   15.47   64.94   3.6   3.1   3.8   2.0   1.4
T22F20  12881 2057   13.86 -120.23   42.32   3.9   3.5   2.3   1.3   1.0
T22F18  11081  219   27.01   84.20   55.11   6.5   5.8   5.3   2.9   2.0
T22F17  11081  202   28.84   81.69   57.84   5.0   4.5   4.4   2.4   1.7
T37F18 122182   27   27.54  169.19   69.39   2.6   2.1   3.1   1.6   1.1
T37F16 122082 2355   22.63  171.96   70.48   2.8   2.3   3.8   2.0   1.3
T37F10 122082 2203   28.61  175.76   59.76   1.2   1.0   1.1   0.6   0.4
T36F39 111882  111   20.29   96.89   59.75   1.2   1.0   1.2   0.6   0.4
T35F31  92382  434   18.12  113.30   13.74  12.7  11.4   2.1   1.6   1.6
T35F30  92382  419   18.64  105.06   16.39  10.7   9.6   2.0   1.4   1.4
T35F29  92382  404   17.95   96.75   19.01   9.1   8.2   1.9   1.3   1.2
T35F28  92382  350   19.65   90.53   21.42   9.4   8.4   2.1   1.4   1.3
T35F27  92382  327   17.72  100.83   25.27   5.4   4.9   1.5   1.0   0.8
T35F23  92382  227   17.64   60.79   34.47   4.3   3.9   1.7   1.0   0.8
T33F39  82082 2348   24.31   35.10   34.75   7.3   6.6   2.7   1.6   1.4
T33F25  72482  133   27.12   35.54   23.84   8.1   6.8   1.7   1.2   1.1
T32F51  72282 2256    1.02    0.00   25.00   7.7   6.8   2.6   1.7   1.4
T32F40  72182  144   29.04  103.90   22.44  10.8   9.1   2.1   1.4   1.4
T32F39  72182  123   23.95   91.16   23.93  10.4   8.8   2.4   1.5   1.4
T32F34  72082 2335   30.17   54.23   26.17  10.3   8.6   2.3   1.5   1.4
T32F33  72082 2319   25.39   67.24   25.68  10.5   8.8   2.5   1.6   1.4
T32F30  72082 2206   20.50   86.81   20.98   9.8   8.3   2.1   1.4   1.3
T32F26  62382   27   20.08    1.73   23.30  11.7   5.5   1.5   1.0   0.9
T32F24  62282 2355   20.02    2.91   23.60  13.5   6.6   1.8   1.2   1.1
T32F12  61782   58   26.25   78.15   22.24  12.8  10.8   2.6   1.8   1.6
T32F11  61782   32   18.61   47.44   23.20  12.0  10.2   2.8   1.8   1.7
T32F10  61782   15   22.25   95.73   23.55  11.9  10.1   2.7   1.8   1.6
T32F09  61682 2353   17.16   93.41   23.66  11.1   9.4   2.7   1.7   1.6
T32F08  61682 2334   18.98   42.45   23.44  12.0  10.2   2.8   1.9   1.7
T32F06  61682 2255   18.55 -161.49   22.11  10.3   8.7   2.3   1.5   1.4
T32F05  61682 2233   17.64 -124.65   20.85  11.8  10.0   2.5   1.7   1.6
T31F34  22782  408    0.61    0.00   27.83   8.0   7.2   2.7   1.7   1.4
T31F26  22782  211    0.49    0.00   46.48   4.3   3.9   3.5   2.0   1.4
T31F25  22682 2154    0.25    0.00   44.47   4.5   4.1   3.4   2.0   1.4
T31F18  22682 2021    0.15    0.00   29.49   5.8   5.3   2.4   1.5   1.2
T30F37  22082 2210    2.08  -45.28   48.40   3.5   3.1   3.0   1.7   1.2
T30F15  12682  204    0.25    0.00   55.86   2.2   2.0   2.8   1.5   1.0
T42F50 110583  309   12.59 -162.72   38.04   5.5   5.0   2.7   1.6   1.2
T42F49 110583  242   24.08  -47.99   42.73   6.1   5.5   3.2   1.8   1.4
T42F46 110583  150    9.99   78.93   51.12   2.2   2.0   2.0   1.1   0.8
T42F42 110583   39   10.12   16.10   59.87   3.1   2.8   4.0   2.1   1.4
T42F36 110483 2230   30.27   96.22   58.64   3.2   2.9   2.8   1.5   1.1
T42F35 110483 2217   27.92   93.05   57.21   3.1   2.8   2.7   1.5   1.0
T42F32 110483 2116   14.84   80.61   48.68   4.6   4.1   3.5   1.9   1.4
T42F29 110483 2039   16.90   45.18   42.58   5.7   5.1   3.3   1.8   1.4
T42F28 110483 2028   16.75   37.39   40.69   7.6   6.9   4.2   2.4   1.8
T42F12 100583 2334   29.36   66.39   51.85   4.9   4.4   3.4   1.9   1.4
T42F11 100583 2244   12.99 -160.53   49.56   3.4   3.0   2.7   1.5   1.0
T41F51  71383  213   19.12   -6.95   18.56  10.4   3.5   0.8   0.5   0.5
T41F50  71383  159   19.76   -1.41   19.84  10.9   3.3   0.8   0.5   0.5
T41F45  71383    4   28.93 -171.43   25.13   9.6   8.1   2.1   1.4   1.3
T41F44  71283 2343   29.70  179.82   24.97   9.8   8.2   2.1   1.4   1.3
T41F34  70883   41   20.92   43.47   23.89  12.2  11.0   3.1   2.0   1.8
T41F26  70783  209   28.56   49.47   18.18  16.2  14.5   2.9   2.1   2.0
T41F11  70683  218   23.09   55.86   17.20  16.3  14.7   3.0   2.1   2.1
T41F10  70683  159   23.55   47.77   18.97  14.6  13.1   2.9   2.0   1.9
T41F09  70683  139   24.56   40.97   20.59  15.0  13.3   3.1   2.1   2.0
T41F08  70683  118   25.92   35.69   21.99  12.8  11.1   2.6   1.8   1.7
T41F07  70683  106   27.72   39.05   22.65  12.5  11.2   2.7   1.8   1.7
T41F05  70683   41   27.93   26.59   23.68  14.6  13.1   3.3   2.2   2.0
T41F04  70683   19   28.58   14.08   24.18  13.7  11.6   3.0   2.0   1.8
T40F31  60883    2    1.43    0.00   24.23  12.6   6.7   2.1   1.4   1.2
T39F33  50983  240   26.49  -49.49   18.70  15.9  14.3   3.0   2.1   2.0
T39F32  50983  224   26.16  -42.40   20.60  15.0  13.3   3.0   2.1   2.0
T39F31  50983  203   26.81  -32.18   22.87  13.2  11.9   2.9   2.0   1.8
T39F29  50983  129   25.36  -18.35   25.94  12.7  10.9   3.1   2.0   1.8
T39F28  50983  113   25.80  -10.96   27.11  12.8  11.2   3.3   2.1   1.9
T39F27  50983   57   24.55   -4.69   28.08  12.1  10.7   3.4   2.1   1.9
T39F26  50983   40   25.32    3.44   28.88  11.0   9.8   3.2   2.0   1.7
T39F18  50883  235   20.18  -32.14   19.55  15.5  13.5   3.2   2.2   2.0
T39F17  50883  216   20.96  -22.26   21.74  13.4  11.8   3.0   2.0   1.8
T39F16  50883  157   22.28   -6.80   23.72  13.0  11.2   3.0   2.0   1.8
T39F15  50883  131   23.82    0.01   26.04  12.3  10.6   3.1   2.0   1.8
T37F29  11783 2239   18.29 -109.09   61.03   3.4   3.0   3.9   2.1   1.4
T37F28  11783 2221   15.73 -110.87   58.51   2.6   2.3   2.8   1.5   1.0
T37F27  11783 2213   17.06 -118.63   57.32   3.0   2.7   3.1   1.7   1.1
T37F26  11783 2205   18.78 -125.51   56.09   3.1   2.8   3.0   1.6   1.1
T37F25  11783 2129   20.63 -139.42   50.19   5.5   4.9   4.2   2.2   1.6
T37F24  11783 2112   18.33 -144.86   47.26   3.6   3.2   2.5   1.3   1.0
T37F23  11783 2055   22.37 -149.81   44.26   6.8   6.1   3.9   2.2   1.7
T48F44 103084   36   30.76  -84.91   58.57   2.7   2.3   2.2   1.2   0.8
T47F46  92184   11    8.38   -5.79   46.17   5.8   5.2   4.3   2.4   1.7
T47F45  92084 2356   10.29   30.35   46.39   4.4   4.0   3.2   1.8   1.3
T47F41  92084 2245   14.87    9.30   44.00   5.7   5.1   3.6   2.0   1.5
T47F40  92084 2233   14.46   19.46   43.07   7.4   6.7   4.5   2.5   1.9
T47F35  92084 2112   10.23   70.12   33.79   8.0   7.2   3.3   2.0   1.6
T47F25  91984 2151    9.70   28.44   38.45   6.8   5.8   3.4   1.9   1.5
T47F24  91984 2140    9.48   41.51   37.13   7.8   6.7   3.6   2.1   1.7
T47F15  83184  150   22.97  140.85   32.48   7.8   6.6   2.5   1.5   1.3
T47F14  83184  132   27.86  151.90   34.17   7.0   5.9   2.2   1.4   1.2
T47F09  83084 2338   23.69 -172.63   38.28   6.3   5.3   2.6   1.5   1.2
T47F08  83084 2322   27.85 -176.09   37.83   6.8   5.6   2.5   1.5   1.2
T47F05  83084 2202   26.83   -4.31   32.13  10.2   8.6   3.1   1.9   1.6
T47F04  83084 2144   24.82    2.69   30.16  10.5   8.9   3.1   1.9   1.6
T46F04  30184  116   22.63   93.93   51.63   3.4   3.1   2.7   1.4   1.0
T44F22  22284 2236   26.49  164.16   51.23   2.6   2.3   1.8   1.0   0.7
T44F07  20784    5   21.86   62.05   62.55   2.2   2.0   2.6   1.4   0.9
T44F05  20684 2325   16.36 -150.19   60.86   1.5   1.3   1.7   0.9   0.6
T54F27 121385 2118   29.00  -63.72   52.70   3.4   3.1   2.5   1.3   1.0
T53F16 101185   36   29.96  158.60   52.28   2.5   2.2   1.7   0.9   0.7
T53F13 101185    8    0.38    0.00   53.66   2.9   2.6   3.3   1.8   1.2
T53F12 101085 2348   24.64    5.36   54.04   3.3   2.9   2.6   1.4   1.0
T53F11 101085 2333   20.08   17.13   53.96   3.4   3.0   2.9   1.6   1.1
T53F10 101085 2317   16.29   34.10   53.55   3.1   2.8   2.8   1.5   1.1
T53F09 101085 2301   13.62   58.06   52.81   2.8   2.5   2.6   1.4   1.0
T53F08 101085 2246   12.98   87.03   51.83   3.3   3.0   3.0   1.6   1.1
T53F07 101085 2230   15.11  113.98   50.51   3.1   2.8   2.6   1.4   1.0
T53F06 101085 2215   18.80  133.51   49.04   2.6   2.3   1.9   1.0   0.7
T53F05 101085 2159   23.66  147.06   47.25   2.9   2.6   1.9   1.0   0.8
T53F04 101085 2129   26.36 -116.97   43.37   3.6   3.2   1.8   1.0   0.8
T52F53 101085 2047   26.95 -139.29   37.08   4.3   3.9   1.7   1.0   0.8
T52F52 101085 2034   25.78 -121.75   34.98   5.4   4.8   1.9   1.2   1.0
T52F51 101085 2022   25.71 -114.70   32.99   5.8   5.2   1.9   1.2   1.0
T52F48 101085 1946   25.19 -165.94   26.81   6.7   6.0   1.8   1.1   1.0
T52F46 101085 1922   22.74 -155.10   22.55   9.0   8.1   2.1   1.4   1.3
T52F41  92085  226   10.83 -137.08   33.87   6.1   5.2   2.4   1.4   1.2
T52F40  92085  212    8.33 -100.96   35.74   4.9   4.2   2.2   1.3   1.0
T52F39  92085  156    7.74  -68.50   37.75   4.9   4.1   2.3   1.4   1.1
T52F38  92085  141    9.24  -40.87   39.47   5.0   4.2   2.6   1.5   1.1
T52F37  92085  127   11.86  -23.56   40.93   4.1   3.5   2.2   1.3   1.0
T52F36  92085  113   14.92  -12.12   42.23   4.3   3.6   2.3   1.3   1.0
T52F22  91685  231    8.87 -139.07   32.08   6.4   5.5   2.4   1.4   1.2
T52F15  91685    7   12.28  141.42   44.26   3.7   3.1   2.3   1.2   0.9
T52F14  91585 2349    7.93   92.04   44.38   3.9   3.3   2.5   1.4   1.0
T52F13  91585 2332   10.72   68.56   44.15   4.1   3.5   2.6   1.4   1.1
T52F12  91585 2314   14.01   68.12   43.57   4.2   3.6   2.5   1.4   1.0
T50F50  72285  221   11.65   38.46   19.31  10.6   7.7   1.9   1.3   1.2
T50F26  71685 2148    9.89   54.92   18.67   8.7   7.4   1.7   1.2   1.1
T49F50  21385  202   12.75  -62.93   52.00   2.9   2.5   2.5   1.3   0.9
T49F39  21285 2300    6.78   19.20   56.65   6.9   5.7   7.4   4.0   2.7
T49F38  21285 2245   11.59   42.46   55.05   2.9   2.4   2.7   1.4   1.0
T49F30  12685  107   15.82  -68.28   62.90   2.5   2.3   3.3   1.7   1.2
