062146 2.0486154 10.90618 57.92372 36.08935 -2.47648 13/02/08 06:21:54 -3.02672       60 6179.981 5553.242
065025 1.8989859 10.90639 57.92042 32.78260 -1.97400 13/02/08 06:52:00 -2.98844       60 6318.696 5793.734
070415 1.9030018 10.90174 57.96935 31.54736 -1.76744 13/02/08 07:04:22 -2.97868       60 6330.356 5842.765
072823 2.0083524 10.90595 57.92362 29.40284 -1.36405 13/02/08 07:28:30 -2.94320       60 6299.745 5876.098
073941 2.0173063 10.90650 57.92538 28.54230 -1.17531 13/02/08 07:39:48 -2.93361       60 6252.866 5854.489
080607 2.0655425 10.90580 57.92502 26.95580 -0.73378 13/02/08 08:06:14 -2.90951       60 6071.559 5720.564
081726 2.0549754 10.90592 57.92680 26.48182 -0.54475 13/02/08 08:17:34 -2.89950       60 5963.642 5627.608
083934 2.1738630 10.90596 57.92254 25.94908 -0.17504 13/02/08 08:39:42 -2.86411       60 5704.282 5388.731
085052 2.1808671 10.90587 57.92966 25.88737 0.013702 13/02/08 08:50:59 -2.85394       60 5547.547 5237.865
091714 2.3549022 10.90577 57.95924 26.31206 0.459689 13/02/08 09:17:41 -2.82907       60 5118.969 4812.256
093030 2.4339356 10.90736 57.96424 26.79634 0.675722 13/02/08 09:30:38 -2.80199       60 4885.073 4575.460
095307 2.6952722 10.90583 57.91888 28.04202 1.053500 13/02/08 09:53:15 -2.78222       60 4446.479 4126.891
100602 2.8337329 10.90632 57.92465 28.95942 1.269531 13/02/08 10:06:10 -2.77075       60 4176.475 3848.556
102811 3.2173020 10.90594 57.91912 30.82466 1.639231 13/02/08 10:28:18 -2.73670       60 3694.871 3351.524
103701 3.3484916 10.90498 57.97578 31.65782 1.786498 13/02/08 10:37:08 -2.72921       60 3496.144 3146.050
105448 3.8036649 10.90607 57.91912 33.47148 2.083812 13/02/08 10:54:56 -2.71467       60 3094.545 2735.458
110337 4.0124341 10.90504 57.92056 34.42858 2.231355 13/02/08 11:03:45 -2.70766       60 2894.383 2531.758
112544 4.8221065 10.90606 57.91937 36.95902 2.600485 13/02/08 11:25:52 -2.69199       60 2397.251 2033.223
113617 5.1492997 10.90517 57.92198 38.22412 2.776696 13/02/08 11:36:24 -2.66905       60 2166.352 1805.663
120452 6.7367375 10.90550 57.92786 41.84136 3.260780 13/02/08 12:05:24 -2.65018       60 1566.883 1233.214
121829 7.8059931 10.90628 57.91982 43.54279 3.481521 13/02/08 12:18:37 -2.64255       60 1317.834 1005.427
122217 8.0133482 10.90689 57.93823 44.05382 3.547214 13/02/08 12:22:32 -2.64031       60 1247.105 942.0616
123537 9.3319255 10.90587 57.91990 45.78144 3.767671 13/02/08 12:35:44 -2.61819       60 1024.880 747.1532
123924 9.5511253 10.90919 57.95780 46.29500 3.832806 13/02/08 12:39:39 -2.61617       60 962.4855 694.0845
125241 11.100500 10.90631 57.91974 48.03664 4.052701 13/02/08 12:52:48 -2.60999       60 771.6074 534.5975
125627 11.433496 10.90486 57.92555 48.55211 4.117555 13/02/08 12:56:42 -2.60822       60 720.1480 492.7026
070025  1.9549047 11.11299 63.23180 36.64121 -2.03451 13/02/08 07:00:42 -3.52604       60 5804.482 5178.725
070149  1.9728385 11.11235 63.23255 36.54090 -2.01391 13/02/08 07:01:56 -3.52468       60 5805.955 5183.552
070302  1.9500682 11.11228 63.23282 36.44262 -1.99359 13/02/08 07:03:10 -3.52401       60 5807.198 5188.004
073439  2.0390814 11.11307 63.23117 34.13744 -1.46277 13/02/08 07:34:56 -3.48789       60 5766.506 5223.615
073602  2.0581237 11.11245 63.23317 34.06017 -1.44245 13/02/08 07:36:10 -3.48716       60 5762.111 5221.859
073715  2.0404242 11.11216 63.23315 33.98482 -1.42241 13/02/08 07:37:22 -3.48644       60 5757.676 5220.012
073828  2.0346509 11.11245 63.23265 33.90827 -1.40181 13/02/08 07:38:36 -3.48571       60 5752.846 5217.764
081223  2.0856133 11.11090 63.23443 32.18111 -0.83257 13/02/08 08:12:40 -3.46027       60 5539.469 5066.005
081347  2.1065261 11.11229 63.23308 32.13426 -0.81225 13/02/08 08:13:53 -3.45951       60 5528.769 5057.081
081500  2.1196065 11.11236 63.23383 32.08787 -0.79166 13/02/08 08:15:07 -3.45797       60 5517.939 5048.048
081613  2.0909649 11.11235 63.23396 32.04321 -0.77134 13/02/08 08:16:21 -3.45721       60 5507.130 5039.004
084549  2.2279320 11.10643 63.23437 31.30180 -0.27419 13/02/08 08:46:07 -3.42111       60 5188.676 4755.791
084713  2.2290728 11.11221 63.23348 31.28628 -0.25387 13/02/08 08:47:20 -3.41956       60 5171.536 4739.757
084826  2.2124752 11.11214 63.23254 31.27176 -0.23327 13/02/08 08:48:34 -3.41877       60 5155.937 4725.292
084939  2.2277622 11.11214 63.23344 31.25864 -0.21295 13/02/08 08:49:46 -3.41799       60 5140.256 4710.662
092639  2.4774568 11.10980 63.23063 31.43355 0.408065 13/02/08 09:26:57 -3.37543       60 4589.725 4182.370
092804  2.4621980 11.11230 63.22923 31.45800 0.428385 13/02/08 09:28:11 -3.37465       60 4568.560 4161.789
092917  2.4874737 11.11268 63.22984 31.48397 0.448984 13/02/08 09:29:25 -3.37309       60 4547.703 4141.356
100212  2.8745241 11.11192 63.22934 32.61252 1.001803 13/02/08 10:02:31 -3.34774       60 3948.819 3548.863
100336  2.8808257 11.11239 63.22910 32.66918 1.022123 13/02/08 10:03:44 -3.34699       60 3925.196 3525.404
100449  2.8640599 11.11223 63.22746 32.72606 1.042165 13/02/08 10:04:55 -3.34624       60 3902.105 3502.441
103314  3.3887592 11.11592 63.23907 34.35685 1.519267 13/02/08 10:33:29 -3.31192       60 3327.459 2930.672
103435  3.4482917 11.11249 63.22832 34.43738 1.539587 13/02/08 10:34:42 -3.31047       60 3303.944 2907.094
103548  3.4403331 11.11242 63.22768 34.51762 1.559629 13/02/08 10:35:55 -3.30976       60 3279.198 2882.524
105949  4.0241345 11.11197 63.23450 36.29712 1.963241 13/02/08 11:00:04 -3.29293       60 2774.673 2384.064
110111  4.0930245 11.11226 63.22805 36.39438 1.983560 13/02/08 11:01:17 -3.29225       60 2749.157 2359.166
110224  4.1000510 11.11265 63.22828 36.49367 2.004158 13/02/08 11:02:31 -3.29157       60 2723.153 2333.732
113231  5.2634886 11.11077 63.24905 39.12669 2.509083 13/02/08 11:32:46 -3.25841       60 2097.273 1728.484
113351  5.3317088 11.11241 63.22842 39.23986 2.529402 13/02/08 11:33:59 -3.25717       60 2072.362 1705.227
113504  5.3755808 11.11225 63.22879 39.35197 2.549443 13/02/08 11:35:10 -3.25655       60 2048.186 1682.275
115928  6.7078225 11.11228 63.25243 41.74056 2.959165 13/02/08 11:59:43 -3.24241       60 1570.558 1237.506
120048  6.7889806 11.11238 63.22870 41.86334 2.979483 13/02/08 12:00:56 -3.24185       60 1548.076 1217.189
120201  6.8604596 11.11230 63.22894 41.98480 2.999524 13/02/08 12:02:07 -3.24075       60 1525.911 1197.031
045853  2.8917941 10.90609 57.92294 48.59872 -4.12341 09/02/08 04:59:02 -4.56200       60 5519.058 4460.472
052348  2.5648626 10.90688 57.92296 45.27148 -3.70283 09/02/08 05:24:13 -4.55009       60 5934.875 4977.291
054650  2.3350377 10.90590 57.92820 42.31722 -3.32287 09/02/08 05:46:58 -4.52190       60 6229.651 5369.904
060903  2.1801596 10.90609 57.92370 39.51108 -2.95181 09/02/08 06:09:10 -4.50811       60 6442.422 5678.178
062307  2.0929822 10.90518 57.96357 37.79085 -2.71687 09/02/08 06:23:14 -4.49862       60 6531.724 5826.204
064518  2.0182548 10.90604 57.92411 35.19728 -2.34635 09/02/08 06:45:26 -4.46726       60 6621.537 6004.052
065635  1.9818536 10.90553 57.92610 33.94751 -2.15788 09/02/08 06:56:43 -4.45886       60 6634.647 6058.914
072255  1.9369277 10.90586 57.92451 31.26451 -1.71804 09/02/08 07:23:03 -4.43709       60 6588.132 6099.771
073703  1.8949738 10.90605 57.92685 29.98900 -1.48197 09/02/08 07:37:10 -4.40988       60 6518.875 6070.968
080752  1.9502374 10.90574 57.92412 27.71532 -0.96722 09/02/08 08:07:59 -4.38366       60 6267.080 5890.609
081912  1.9327033 10.90601 57.92735 27.08486 -0.77792 09/02/08 08:19:19 -4.37288       60 6140.486 5784.108
084721  2.0286637 10.90581 57.87185 26.07233 -0.30298 09/02/08 08:47:45 -4.33193       60 5755.255 5436.499
085632  2.0485978 10.90565 57.92864 25.93504 -0.15432 09/02/08 08:56:39 -4.32365       60 5609.345 5296.750
092132  2.2157440 10.90599 57.92014 26.02701 0.263269 09/02/08 09:21:39 -4.30059       60 5166.471 4865.513
093026  2.2912390 10.90583 57.92671 26.22823 0.411652 09/02/08 09:30:32 -4.29233       60 4994.329 4694.339
094926  2.4860894 10.90547 57.93453 26.95791 0.734588 09/02/08 09:49:53 -4.25960       60 4598.153 4296.005
095551  2.5163040 10.90610 57.92695 27.26692 0.836480 09/02/08 09:55:59 -4.25417       60 4467.734 4164.123
101611  2.8297382 10.90582 57.91915 28.54560 1.176117 09/02/08 10:16:18 -4.23636       60 4018.526 3707.062
102216  2.9191275 10.90699 57.92988 28.99672 1.277730 09/02/08 10:22:24 -4.23109       60 3879.363 3565.046
103937  3.2905358 10.90595 57.91935 30.43632 1.567532 09/02/08 10:39:45 -4.20024       60 3480.646 3158.178
104543  3.3780577 10.90342 57.91938 30.99145 1.669422 09/02/08 10:45:50 -4.19518       60 3340.261 3014.766
110304  3.8777165 10.90605 57.92032 32.69140 1.959222 09/02/08 11:03:12 -4.18122       60 2935.612 2604.654
110909  4.0130569 10.90380 57.91916 33.32546 2.060832 09/02/08 11:09:17 -4.17642       60 2796.193 2463.706
112630  4.6391509 10.90565 57.91908 35.22627 2.350627 09/02/08 11:26:37 -4.16324       60 2400.473 2068.454
113122  4.7797626 10.90528 57.92463 35.78323 2.432192 09/02/08 11:31:31 -4.15950       60 2291.703 1960.747
114418  5.3525552 10.90588 57.91956 37.29634 2.647934 09/02/08 11:44:25 -4.13466       60 2010.256 1685.306
115113  5.6951147 10.90504 57.92324 38.12788 2.763459 09/02/08 11:51:20 -4.12974       60 1864.620 1544.441
120415  6.4221586 10.90582 57.91977 39.72928 2.981146 09/02/08 12:04:22 -4.12098       60 1600.255 1293.120
121004  6.7617944 10.90475 57.92225 40.45673 3.078297 09/02/08 12:10:12 -4.11709       60 1487.854 1187.840
122249  7.6787407 10.90747 57.94296 42.09160 3.293474 09/02/08 12:23:05 -4.10964       60 1250.280 970.0838
122637  7.9619763 10.90305 57.91679 42.56212 3.354713 09/02/08 12:26:44 -4.10725       60 1187.714 913.2630
123956  9.1895011 10.90621 57.94014 44.30445 3.579350 09/02/08 12:40:11 -4.08446       60 967.2863 719.0210
124118  9.2916893 10.90601 57.91955 44.46536 3.599948 09/02/08 12:41:25 -4.08336       60 948.4910 702.7663
125958  11.505850 10.91085 57.95607 46.93182 3.913374 09/02/08 13:00:12 -4.07414       60 686.5744 482.4259
130118  11.622118 10.90596 57.92022 47.09489 3.933971 09/02/08 13:01:26 -4.07318       60 672.0800 470.2280
053020   2.5733617 11.11316 63.23275 47.08640 -3.80239 09/02/08 05:30:34 -4.92355       60 5443.930 4455.472
054311   2.4431447 11.11255 63.23203 45.69785 -3.58975 09/02/08 05:43:18 -4.90440       60 5602.016 4655.524
054424   2.4334479 11.11256 63.23333 45.56634 -3.56943 09/02/08 05:44:32 -4.90347       60 5615.828 4673.407
054537   2.4174572 11.11236 63.23277 45.43684 -3.54939 09/02/08 05:45:44 -4.90301       60 5629.416 4691.085
061805   2.1652008 11.11387 63.23634 42.01433 -3.00441 09/02/08 06:18:22 -4.88668       60 5919.691 5092.854
061928   2.1702583 11.11243 63.23365 41.89110 -2.98409 09/02/08 06:19:34 -4.88613       60 5927.828 5105.532
062041   2.1507417 11.11242 63.23250 41.76656 -2.96349 09/02/08 06:20:48 -4.88502       60 5935.713 5117.659
062154   2.1504149 11.11257 63.23297 41.64406 -2.94317 09/02/08 06:22:01 -4.88446       60 5943.119 5129.192
065134   2.0328313 11.11195 63.23566 38.77566 -2.44550 09/02/08 06:51:49 -4.85278       60 6058.168 5343.512
065256   2.0140956 11.11245 63.23238 38.66310 -2.42490 09/02/08 06:53:03 -4.85215       60 6060.394 5349.635
065409   2.0180675 11.11268 63.23279 38.55260 -2.40458 09/02/08 06:54:16 -4.85152       60 6062.070 5355.134
065522   2.0165129 11.11228 63.23288 38.44414 -2.38454 09/02/08 06:55:29 -4.85089       60 6063.606 5360.546
073202   1.9326038 11.11212 63.23300 35.40471 -1.76939 09/02/08 07:32:19 -4.82613       60 6008.780 5413.261
073324   1.9295257 11.11225 63.23250 35.31509 -1.74907 09/02/08 07:33:32 -4.82543       60 6003.687 5411.367
073437   1.9151621 11.11221 63.23383 35.22744 -1.72903 09/02/08 07:34:43 -4.82473       60 5998.356 5409.152
073550   1.9380906 11.11255 63.23259 35.13814 -1.70843 09/02/08 07:35:57 -4.82403       60 5992.786 5406.765
081409   1.9450519 11.11252 63.23244 32.79388 -1.06571 09/02/08 08:14:27 -4.78170       60 5714.714 5215.245
081533   1.9566323 11.11227 63.23349 32.73505 -1.04539 09/02/08 08:15:39 -4.78096       60 5702.765 5205.588
081646   1.9626861 11.11220 63.23238 32.67643 -1.02479 09/02/08 08:16:53 -4.78020       60 5690.548 5195.703
081759   1.9694411 11.11239 63.23263 32.61964 -1.00447 09/02/08 08:18:06 -4.77944       60 5678.137 5185.516
085128   2.0864409 11.11267 63.23192 31.47501 -0.44219 09/02/08 08:51:47 -4.73951       60 5266.412 4825.186
085253   2.0728357 11.11199 63.23298 31.44977 -0.42187 09/02/08 08:52:59 -4.73874       60 5249.323 4809.562
085406   2.0959854 11.11244 63.23203 31.42538 -0.40127 09/02/08 08:54:13 -4.73796       60 5231.511 4793.242
085519   2.0938808 11.11209 63.23266 31.40249 -0.38095 09/02/08 08:55:26 -4.73640       60 5213.999 4777.150
092522   2.3014679 11.11270 63.23112 31.21485 0.123713 09/02/08 09:25:40 -4.71295       60 4729.165 4320.397
092646   2.3009532 11.11228 63.22876 31.22286 0.144311 09/02/08 09:26:54 -4.71217       60 4707.862 4300.002
092759   2.3159328 11.11239 63.22903 31.23196 0.164632 09/02/08 09:28:06 -4.71138       60 4686.396 4279.366
092912   2.3425444 11.11230 63.22831 31.24210 0.184674 09/02/08 09:29:18 -4.71060       60 4665.229 4259.016
095059   2.5540680 11.11111 63.24196 31.62591 0.548488 09/02/08 09:51:05 -4.67963       60 4260.461 3865.654
095212   2.5942343 11.11207 63.22832 31.65878 0.569087 09/02/08 09:52:19 -4.67884       60 4236.580 3842.660
095325   2.5968447 11.11205 63.23052 31.69236 0.589407 09/02/08 09:53:32 -4.67730       60 4212.822 3819.364
095438   2.6185453 11.11191 63.22880 31.72659 0.609449 09/02/08 09:54:45 -4.67653       60 4189.473 3796.535
101724   2.9579062 11.11219 63.17293 32.57976 0.989964 09/02/08 10:17:31 -4.65968       60 3730.239 3346.185
101837   2.9649499 11.11208 63.22832 32.63504 1.010006 09/02/08 10:18:44 -4.65817       60 3704.001 3319.213
101950   3.0233757 11.11215 63.22777 32.69290 1.030605 09/02/08 10:19:58 -4.65742       60 3678.303 3293.897
102103   3.0446921 11.11236 63.22966 32.75101 1.050925 09/02/08 10:21:11 -4.65665       60 3652.782 3268.717
104051   3.4553856 11.11156 63.22796 33.83391 1.381612 09/02/08 10:40:59 -4.62795       60 3233.696 2855.610
104204   3.4421622 11.11220 63.22775 33.90853 1.401932 09/02/08 10:42:12 -4.62722       60 3207.391 2829.790
104317   3.4558665 11.11188 63.22959 33.98300 1.421973 09/02/08 10:43:23 -4.62649       60 3181.768 2804.513
104430   3.5168576 11.11238 63.22791 34.06044 1.442572 09/02/08 10:44:37 -4.62576       60 3155.152 2778.413
110417   4.0373122 11.11230 63.22590 35.42067 1.772978 09/02/08 11:04:24 -4.61144       60 2730.104 2361.962
110530   4.0776685 11.11213 63.22863 35.50994 1.793019 09/02/08 11:05:36 -4.61074       60 2704.406 2336.851
110643   4.1444128 11.11191 63.22902 35.60120 1.813339 09/02/08 11:06:50 -4.61004       60 2678.417 2311.503
110756   4.1363832 11.11235 63.22850 35.69447 1.833937 09/02/08 11:08:04 -4.60865       60 2651.869 2285.719
112743   4.8880640 11.11101 63.22523 37.28736 2.164062 09/02/08 11:27:50 -4.59574       60 2234.318 1882.293
112856   4.8717263 11.11213 63.22881 37.39106 2.184381 09/02/08 11:29:03 -4.59442       60 2208.632 1857.799
113009   4.9456968 11.11218 63.22879 37.49679 2.204979 09/02/08 11:30:17 -4.59376       60 2183.034 1833.337
114709   5.7555137 11.11243 63.22277 39.05005 2.495296 09/02/08 11:47:39 -4.56904       60 1830.769 1500.169
114846   5.7778952 11.11193 63.22901 39.16288 2.515615 09/02/08 11:48:52 -4.56842       60 1806.897 1477.738
114959   5.8423587 11.11221 63.22758 39.27777 2.536213 09/02/08 11:50:06 -4.56718       60 1782.631 1455.130
120625   6.8583831 11.11190 63.22667 40.85472 2.810660 09/02/08 12:06:33 -4.55760       60 1471.369 1168.337
120738   6.9613971 11.11229 63.22614 40.97466 2.830979 09/02/08 12:07:46 -4.55702       60 1449.134 1148.191
120851   6.9608650 11.11213 63.22836 41.09335 2.851020 09/02/08 12:08:58 -4.55645       60 1427.457 1128.519
122411   8.0918532 11.11129 63.22462 42.64421 3.107372 09/02/08 12:24:19 -4.54753       60 1162.541 892.0577
122524   8.2125279 11.11245 63.22854 42.76954 3.127690 09/02/08 12:25:32 -4.54699       60 1142.368 874.4396
124231   9.7831326 11.11171 63.22443 44.56497 3.413542 09/02/08 12:42:39 -4.52443       60 880.4822 649.0695
130231   12.021773 11.11137 63.22715 46.72625 3.747540 09/02/08 13:02:39 -4.51516       60 622.6659 436.8440
130344   12.151429 11.11216 63.22894 46.85768 3.767580 09/02/08 13:03:50 -4.51472       60 608.8971 425.8696
