2.1675915 10.90243 57.94624 44.20246 -3.56597 31/01/06 06:05:46 -7.64068       60 7088.592 6092.427
1.8728398 10.90615 57.92317 32.67643 -1.95559 31/01/06 07:42:11 -7.55962       60 6880.238 6336.478
4.9748479 7.464591 51.10057 35.77748 -2.76517 31/01/06 03:27:53 13.81599       60 2163.542 1846.818
4.9224892 7.464524 51.10084 35.59863 -2.74540 31/01/06 03:29:03 13.81680       60 2192.197 1875.452
4.8378288 7.464150 51.10071 35.41755 -2.72536 31/01/06 03:30:16 13.81844       60 2221.232 1904.582
4.7468456 7.464373 51.10134 35.23425 -2.70503 31/01/06 03:31:29 13.81927       60 2251.161 1934.522
4.7045961 7.464271 51.10107 35.05376 -2.68499 31/01/06 03:32:40 13.82010       60 2280.652 1964.145
4.6360325 7.464181 51.10076 34.87609 -2.66522 31/01/06 03:33:52 13.82093       60 2309.882 1993.548
4.5928887 7.464372 51.10089 34.69372 -2.64490 31/01/06 03:35:05 13.82176       60 2340.242 2024.070
4.5598895 7.464256 51.10077 34.51418 -2.62485 31/01/06 03:36:16 13.82344       60 2370.145 2054.246
4.4958480 7.464332 51.10054 34.33746 -2.60509 31/01/06 03:37:27 13.82428       60 2399.887 2084.261
4.4397937 7.464439 51.10091 34.15610 -2.58476 31/01/06 03:38:41 13.82513       60 2430.611 2115.302
4.4615986 7.464638 51.10063 33.97757 -2.56472 31/01/06 03:39:53 13.82599       60 2461.121 2146.151
4.3805645 7.464457 51.10027 33.79940 -2.54467 31/01/06 03:41:04 13.82684       60 2491.521 2177.016
4.3614160 7.464175 51.10072 33.62405 -2.52491 31/01/06 03:42:16 13.82854       60 2521.537 2207.552
4.3052548 7.464369 51.10081 33.44414 -2.50459 31/01/06 03:43:29 13.82942       60 2552.848 2239.337
4.2840774 7.464276 51.10073 33.26708 -2.48454 31/01/06 03:44:40 13.83028       60 2583.672 2270.731
4.2290637 7.464117 51.10099 33.09286 -2.46477 31/01/06 03:45:51 13.83114       60 2614.131 2301.807
3.6402537 7.464340 51.10089 29.98252 -2.10312 31/01/06 04:07:30 13.86847       60 3191.619 2896.015
3.5642172 7.464263 51.10077 29.81506 -2.08308 31/01/06 04:08:43 13.86941       60 3224.406 2930.036
3.5214165 7.464143 51.10079 29.64820 -2.06303 31/01/06 04:09:55 13.87034       60 3257.226 2964.122
3.4550041 7.464219 51.10154 29.48425 -2.04327 31/01/06 04:11:05 13.87127       60 3289.790 2997.912
3.4155297 7.464275 51.10102 29.31631 -2.02294 31/01/06 04:12:19 13.87220       60 3323.363 3032.782
3.4052883 7.464550 51.10115 29.15130 -2.00290 31/01/06 04:13:31 13.87409       60 3356.700 3067.372
3.3672510 7.464444 51.10101 28.98922 -1.98313 31/01/06 04:14:41 13.87503       60 3389.340 3101.346
3.3270716 7.464332 51.10125 28.82325 -1.96281 31/01/06 04:15:54 13.87598       60 3422.943 3136.340
3.2822167 7.464297 51.10123 28.66022 -1.94276 31/01/06 04:17:07 13.87694       60 3456.213 3170.987
3.2808221 7.464240 51.10174 28.50013 -1.92299 31/01/06 04:18:17 13.87789       60 3489.038 3205.188
3.2418203 7.464049 51.10130 28.33848 -1.90295 31/01/06 04:19:29 13.87979       60 3522.299 3239.896
3.2062611 7.464579 51.10124 28.17531 -1.88262 31/01/06 04:20:43 13.88076       60 3556.668 3275.603
3.2258753 7.464481 51.10077 28.01511 -1.86258 31/01/06 04:21:55 13.88172       60 3590.108 3310.504
3.1470660 7.464118 51.10142 27.85787 -1.84281 31/01/06 04:23:05 13.88267       60 3622.859 3344.753
3.1533000 7.464321 51.10106 27.69696 -1.82249 31/01/06 04:24:18 13.88364       60 3657.106 3380.451
3.1138957 7.464220 51.10123 27.53904 -1.80244 31/01/06 04:25:31 13.88558       60 3690.646 3415.489
2.5376443 7.464381 51.10082 23.13864 -1.18352 31/01/06 05:02:33 13.94036       60 4736.233 4508.495
2.5088513 7.464378 51.10057 23.01672 -1.16376 31/01/06 05:03:45 13.94139       60 4769.449 4543.144
2.4918261 7.464560 51.10067 22.89281 -1.14343 31/01/06 05:04:58 13.94243       60 4803.731 4578.853
2.4441334 7.464308 51.10030 22.77207 -1.12339 31/01/06 05:06:10 13.94348       60 4837.094 4613.677
2.4426504 7.464158 51.10171 22.65281 -1.10334 31/01/06 05:07:21 13.94452       60 4870.414 4648.403
2.4065125 7.464150 51.10195 22.53668 -1.08357 31/01/06 05:08:33 13.94556       60 4903.437 4682.792
2.4270817 7.464252 51.10231 22.41883 -1.06325 31/01/06 05:09:46 13.94767       60 4937.448 4718.174
2.4093732 7.464391 51.10167 22.30416 -1.04320 31/01/06 05:10:57 13.94871       60 4971.044 4753.114
2.3764488 7.464348 51.10037 22.19264 -1.02343 31/01/06 05:12:09 13.94976       60 5003.983 4787.393
2.3648383 7.464226 51.10179 22.07960 -1.00311 31/01/06 05:13:22 13.95080       60 5037.547 4822.286
2.3517135 7.464123 51.10225 21.96975 -0.98306 31/01/06 05:14:33 13.95187       60 5070.669 4856.711
2.3183428 7.464153 51.10163 21.86306 -0.96330 31/01/06 05:15:44 13.95397       60 5103.479 4890.783
2.3250356 7.463992 51.10108 21.75653 -0.94325 31/01/06 05:16:57 13.95502       60 5136.490 4925.076
2.2702985 7.464505 51.10189 21.65027 -0.92292 31/01/06 05:18:10 13.95609       60 5170.509 4960.271
2.2777704 7.464150 51.10047 21.54722 -0.90288 31/01/06 05:19:21 13.95714       60 5203.251 4994.285
2.2846898 7.464122 51.10224 21.44733 -0.88311 31/01/06 05:20:33 13.95820       60 5235.599 5027.782
2.1051195 7.464515 51.10150 19.95346 -0.52172 31/01/06 05:42:11 13.98175       60 5816.458 5625.366
2.0812994 7.464274 51.10202 19.89065 -0.50167 31/01/06 05:43:23 13.98284       60 5847.464 5657.017
2.0741961 7.464125 51.10174 19.83093 -0.48191 31/01/06 05:44:33 13.98391       60 5878.093 5688.253
2.0599543 7.464019 51.10107 19.77264 -0.46186 31/01/06 05:45:46 13.98607       60 5909.126 5719.871
2.0719023 7.464187 51.10223 19.71590 -0.44154 31/01/06 05:46:59 13.98716       60 5940.623 5751.874
2.0349075 7.464362 51.10149 19.66229 -0.42149 31/01/06 05:48:10 13.98824       60 5971.741 5783.486
2.0074425 7.464314 51.10163 19.61172 -0.40172 31/01/06 05:49:22 13.98932       60 6002.004 5814.203
2.0121001 7.464298 51.10168 19.56212 -0.38140 31/01/06 05:50:35 13.99040       60 6033.047 5845.672
2.0052744 7.464187 51.10231 19.51561 -0.36135 31/01/06 05:51:47 13.99258       60 6063.393 5876.397
1.9906778 7.464144 51.10174 19.47210 -0.34158 31/01/06 05:52:57 13.99366       60 6093.373 5906.730
1.9935280 7.464237 51.10082 19.42982 -0.32126 31/01/06 05:54:11 13.99474       60 6124.253 5937.933
1.9821882 7.464445 51.10156 19.39058 -0.30121 31/01/06 05:55:23 13.99584       60 6154.566 5968.492
1.9532563 7.464331 51.10188 19.35379 -0.28117 31/01/06 05:56:34 13.99692       60 6184.442 5998.598
1.9555974 7.464355 51.10150 19.31992 -0.26140 31/01/06 05:57:46 14.01554       60 6213.988 6028.338
1.9265838 7.464287 51.10079 19.28762 -0.24107 31/01/06 05:58:59 14.01773       60 6244.165 6058.683
1.9410981 7.464164 51.10064 19.25828 -0.22103 31/01/06 06:00:10 14.01881       60 6273.687 6088.323
1.7869756 7.464548 51.09685 19.60428 0.398735 31/01/06 06:37:17 14.05908       60 7116.902 6913.265
1.7808933 7.464450 51.09589 19.65450 0.418503 31/01/06 06:38:27 14.06016       60 7141.142 6936.190
1.7756916 7.464427 51.09648 19.70853 0.438828 31/01/06 06:39:41 14.06124       60 7165.772 6959.393
1.7408197 7.464371 51.09666 19.76416 0.458874 31/01/06 06:40:53 14.06234       60 7189.891 6982.058
1.7271100 7.464269 51.09644 19.82128 0.478642 31/01/06 06:42:03 14.06450       60 7213.488 7004.179
1.7596430 7.464159 51.09549 19.88149 0.498689 31/01/06 06:43:16 14.06557       60 7237.314 7026.469
1.7385120 7.464638 51.09540 19.94485 0.519013 31/01/06 06:44:29 14.06667       60 7261.778 7049.339
1.7462784 7.464546 51.09694 20.00960 0.539060 31/01/06 06:45:41 14.06774       60 7284.931 7070.811
1.7213570 7.464328 51.09565 20.07564 0.558828 31/01/06 06:46:51 14.06882       60 7307.790 7092.005
1.7251134 7.464451 51.09604 20.14576 0.579152 31/01/06 06:48:05 14.07098       60 7331.239 7113.680
1.6989216 7.464335 51.09590 20.21712 0.599199 31/01/06 06:49:17 14.07205       60 7353.992 7134.626
1.7151058 7.464198 51.09543 20.28960 0.618967 31/01/06 06:50:27 14.07313       60 7376.256 7155.063
1.7342879 7.464727 51.09691 20.36628 0.639291 31/01/06 06:51:40 14.07420       60 7399.371 7176.256
1.7132734 7.464480 51.09586 20.44403 0.659338 31/01/06 06:52:53 14.07529       60 7421.513 7196.444
1.6854188 7.464344 51.09533 20.52387 0.679384 31/01/06 06:54:04 14.07743       60 7443.500 7216.425
1.6930448 7.464310 51.09630 20.60460 0.699152 31/01/06 06:55:15 14.07849       60 7464.891 7235.765
1.6892789 7.465059 51.10056 22.64833 1.102582 31/01/06 07:19:24 14.12145       60 7859.686 7578.055
1.6956618 7.464476 51.09568 22.76921 1.122906 31/01/06 07:20:37 14.12251       60 7877.392 7592.560
1.6335954 7.464332 51.09500 22.88991 1.142953 31/01/06 07:21:50 14.12355       60 7894.411 7606.352
1.6567257 7.464218 51.09670 23.01037 1.162720 31/01/06 07:23:01 14.12459       60 7910.641 7619.314
1.6658931 7.465579 51.10165 23.67816 1.268519 31/01/06 07:29:21 14.13184       60 7995.987 7686.657
1.6548607 7.464547 51.09661 23.80889 1.288565 31/01/06 07:30:32 14.13287       60 8011.217 7698.214
1.6222646 7.464177 51.09637 23.93907 1.308333 31/01/06 07:31:43 14.13389       60 8025.842 7709.185
1.6282693 7.464384 51.09562 24.07419 1.328657 31/01/06 07:32:57 14.13492       60 8041.221 7720.854
1.8974736 11.11072 63.23919 38.85469 -2.45866 31/01/06 07:24:24 -7.66091       60 6460.960 5720.044
1.8903856 11.11242 63.23272 38.74489 -2.43862 31/01/06 07:25:35 -7.66029       60 6454.609 5717.944
1.8747560 11.11228 63.23336 38.63711 -2.41886 31/01/06 07:26:47 -7.65966       60 6448.152 5715.873
1.8639049 11.11230 63.23384 38.52833 -2.39882 31/01/06 07:27:59 -7.65903       60 6441.360 5713.480
1.8712470 11.10950 63.24154 37.96603 -2.29360 31/01/06 07:34:17 -7.65456       60 6402.944 5698.186
1.8497587 11.11225 63.23301 37.86210 -2.27384 31/01/06 07:35:27 -7.65392       60 6394.762 5693.895
1.8778889 11.11245 63.23325 37.75582 -2.25352 31/01/06 07:36:40 -7.65327       60 6386.341 5689.738
1.8475638 11.11222 63.23342 37.65158 -2.23348 31/01/06 07:37:53 -7.65261       60 6377.983 5685.632
2.7904718 10.90605 57.91493 26.87659 0.701577 02/02/06 10:13:24 -6.63305       60 4126.850 3845.404
4.6652992 10.90615 57.91444 32.85583 1.984672 02/02/06 11:30:12 -6.55123       60 2317.898 2035.228
7.2873672 10.90423 57.91853 38.62032 2.830386 02/02/06 12:20:51 -6.49859       60 1292.066 1047.602
3.5612416 11.10679 63.22198 32.86792 1.087235 02/02/06 10:48:50 -6.79325       60 3117.826 2768.868
3.5947808 11.11206 63.22854 32.92710 1.106998 02/02/06 10:50:01 -6.79250       60 3089.423 2741.590
3.6383703 11.11230 63.22919 32.98893 1.127318 02/02/06 10:51:15 -6.79176       60 3062.320 2715.285
3.6788239 11.11237 63.22966 33.05088 1.147360 02/02/06 10:52:27 -6.79100       60 3035.661 2689.406
3.8264254 11.10916 63.22517 33.39438 1.253414 02/02/06 10:58:48 -6.78580       60 2896.216 2553.945
3.8879221 11.11243 63.22865 33.53191 1.293776 02/02/06 11:01:13 -6.78431       60 2841.566 2501.209
3.9086556 11.11234 63.22885 33.60060 1.313539 02/02/06 11:02:23 -6.78358       60 2815.488 2475.940
5.0527659 11.11062 63.22464 35.93751 1.884999 02/02/06 11:36:37 -6.74534       60 2080.538 1769.770
5.1050060 11.11223 63.22933 36.03073 1.905041 02/02/06 11:37:49 -6.74465       60 2055.258 1745.867
5.1589059 11.11220 63.22888 36.12332 1.924804 02/02/06 11:38:59 -6.74328       60 2030.904 1722.772
5.2195258 11.11232 63.22840 36.21921 1.945123 02/02/06 11:40:13 -6.74260       60 2005.915 1699.114
5.2802801 11.11230 63.22897 36.31448 1.965165 02/02/06 11:41:25 -6.74190       60 1981.398 1675.905
5.3262498 11.11223 63.22777 36.41041 1.985206 02/02/06 11:42:36 -6.74123       60 1956.994 1652.843
5.3861322 11.11216 63.22803 36.50566 2.004969 02/02/06 11:43:48 -6.74055       60 1933.021 1630.197
5.4370057 11.11223 63.22828 36.60426 2.025288 02/02/06 11:45:01 -6.73919       60 1908.435 1607.013
5.4851114 11.11246 63.22887 36.70216 2.045330 02/02/06 11:46:13 -6.73852       60 1884.244 1584.240
5.5490635 11.11225 63.22862 36.79933 2.065093 02/02/06 11:47:23 -6.73785       60 1860.611 1561.987
5.5871248 11.11242 63.22811 36.89989 2.085412 02/02/06 11:48:37 -6.73718       60 1836.315 1539.177
5.6768343 11.11224 63.22882 36.99970 2.105453 02/02/06 11:49:49 -6.73650       60 1812.550 1516.849
6.9552961 11.11221 63.22864 38.87936 2.463131 02/02/06 12:11:14 -6.70835       60 1407.896 1142.091
6.9870890 11.11226 63.22861 38.99131 2.483450 02/02/06 12:12:27 -6.70773       60 1386.174 1122.287
7.0592063 11.11221 63.22855 39.10224 2.503491 02/02/06 12:13:38 -6.70709       60 1364.918 1102.934
7.1607182 11.11214 63.22862 39.21366 2.523532 02/02/06 12:14:50 -6.70648       60 1343.814 1083.751
7.2340605 11.11204 63.22852 39.32401 2.543295 02/02/06 12:16:02 -6.70525       60 1323.155 1065.007
7.3250437 11.11216 63.22834 39.43796 2.563614 02/02/06 12:17:15 -6.70463       60 1302.021 1045.887
7.3877192 11.11242 63.22861 39.55082 2.583655 02/02/06 12:18:26 -6.70402       60 1281.304 1027.188
7.4854072 11.11237 63.22835 39.66257 2.603417 02/02/06 12:19:38 -6.70341       60 1261.089 1008.955
9.2451466 11.11224 63.22904 41.63835 2.941326 02/02/06 12:39:51 -6.69168       60 940.1106 724.6708
9.2996607 11.11232 63.22839 41.76075 2.961645 02/02/06 12:41:04 -6.69112       60 922.3779 709.2946
9.4306791 11.11242 63.22831 41.88183 2.981685 02/02/06 12:42:16 -6.69000       60 905.0727 694.3233
9.5702395 11.11217 63.22841 42.00326 3.001726 02/02/06 12:43:29 -6.68945       60 888.0012 679.5663
12.724078 11.11281 63.22045 45.13629 3.502175 02/02/06 13:13:26 -6.66006       60 523.8937 374.9892
12.763730 11.11223 63.22863 45.26700 3.522493 02/02/06 13:14:40 -6.65958       60 511.8370 365.2296
